1972
1994
1993
1980
1942
1941
1939
1939
1975
1962
1958
1960
1974
1954
1950
1994
1965
1957
1961
1977
1968
1982
1991
1974
1957
1952
1946
1964
1959
1959
1979
1984
2003
2000
1997
1953
1998
1992
1981
1976
1951
1940
1962
1951
1946
1964
1971
1965
1956
1975
1970
1969
1948
1966
1960
1986
1952
1995
1990
1993
1973
2002
1990
1978
1930
1967
1971
1931
1934
1951
1969
1939
1988
1977
1996
1956
1953
1940
1999
1977
1975
1976
1967
1973
1994
1983
1997
1951
1939
1935
1940
1944
1941
1939
1976
1954
1949
1955
1959
1942
